total_wh,3.097819
0.000000,3.114162
0.045205,3.132512
0.090363,3.151866
0.135472,3.167779
0.180525,3.179678
0.225463,3.193083
0.270387,3.205842
0.315278,3.217311
0.360130,3.228278
0.404979,3.239173
0.449766,3.248993
0.494464,3.255803
0.539191,3.263473
0.583901,3.271860
0.628542,3.278669
0.673178,3.284905
0.717753,3.290783
0.762318,3.296661
0.806839,3.301607
0.851359,3.307341
0.895813,3.312216
0.940256,3.317377
0.985400,3.322179
1.029779,3.326910
1.074095,3.331426
1.118373,3.335727
1.162591,3.340314
1.206785,3.344472
1.250952,3.348773
1.295061,3.352787
1.339092,3.356873
1.383113,3.360743
1.427036,3.364542
1.470984,3.368628
1.514847,3.372356
1.558707,3.376155
1.602488,3.379810
1.646239,3.383251
1.689940,3.386979
1.733594,3.390347
1.777194,3.394003
1.820759,3.397444
1.864274,3.400885
1.907719,3.404182
1.951160,3.407694
1.994537,3.410992
2.037863,3.414002
2.081142,3.417299
2.124360,3.420382
2.167555,3.423679
2.210702,3.426761
2.253813,3.429772
2.296877,3.432711
2.339902,3.435793
2.382881,3.438732
2.425815,3.441671
2.468668,3.444681
2.511496,3.447405
2.554291,3.450416
2.597075,3.453211
2.639786,3.455935
2.682455,3.458587
2.725132,3.461455
2.767756,3.464107
2.810346,3.466687
2.852904,3.469268
2.895408,3.471920
2.937885,3.474357
2.980327,3.476866
3.022720,3.479375
3.065071,3.481669
3.107387,3.484249
3.149698,3.486758
3.191968,3.489052
3.234198,3.491489
3.276426,3.493711
3.318590,3.495933
3.360733,3.498227
3.402834,3.500592
3.444882,3.502599
3.486872,3.504893
3.528868,3.507115
3.570793,3.509409
3.612718,3.511416
3.654629,3.513566
3.696473,3.515717
3.738268,3.517652
3.780042,3.519946
3.821805,3.521881
3.863548,3.523960
3.905263,3.526110
3.946928,3.528046
3.988583,3.530125
4.030187,3.532060
4.071764,3.534067
4.113274,3.536146
4.154755,3.538009
4.196236,3.540017
4.237686,3.541880
4.279106,3.543959
4.320454,3.545894
4.361760,3.547758
4.403059,3.549765
4.444296,3.551700
4.485522,3.553636
4.526697,3.555643
4.567882,3.557578
4.609024,3.559442
4.650125,3.561521
4.691194,3.563313
4.732210,3.565176
4.773223,3.567398
4.814168,3.569262
4.855106,3.571269
4.895983,3.573205
4.936843,3.575212
4.977660,3.577362
5.018707,3.579297
5.059460,3.581233
5.100181,3.583312
5.140853,3.585390
5.181474,3.587469
5.222084,3.589118
5.262650,3.591340
5.303147,3.593562
5.343568,3.595641
5.383985,3.597576
5.424407,3.599726
5.464793,3.602020
5.505142,3.604099
5.545417,3.606321
5.585691,3.608400
5.625929,3.610837
5.666107,3.612916
5.706262,3.615209
5.746353,3.617575
5.786427,3.620012
5.826490,3.622162
5.866483,3.624528
5.906525,3.627037
5.946509,3.629545
5.986460,3.631839
6.026368,3.634348
6.066277,3.636785
6.106123,3.639366
6.145967,3.642018
6.185758,3.644455
6.225541,3.647107
6.265271,3.649616
6.304991,3.652412
6.344675,3.655207
6.384328,3.657716
6.423917,3.660512
6.463515,3.663450
6.503090,3.666246
6.542645,3.669113
6.582143,3.672052
6.621664,3.674848
6.661130,3.677786
6.700569,3.680654
6.739986,3.683664
6.779376,3.686747
6.818741,3.689829
6.858060,3.692839
6.897398,3.695707
6.936674,3.699004
6.975953,3.701943
7.015176,3.705097
7.054412,3.708251
7.093566,3.711190
7.132713,3.714487
7.171855,3.717426
7.210977,3.720723
7.250071,3.723734
7.289140,3.726888
7.328191,3.730185
7.367204,3.733196
7.406209,3.736278
7.445195,3.739504
7.484153,3.742514
7.523059,3.745668
7.561916,3.748750
7.600800,3.751832
7.639597,3.755058
7.678394,3.758140
7.717175,3.761151
7.755959,3.764377
7.794732,3.767387
7.833463,3.770469
7.872152,3.773552
7.910867,3.776562
7.949548,3.779501
7.988197,3.782512
8.026835,3.785738
8.065444,3.788533
8.104023,3.791687
8.142586,3.794196
8.181125,3.797350
8.219622,3.800360
8.258122,3.803228
8.296597,3.806166
8.335034,3.809105
8.373448,3.812044
8.411818,3.815055
8.450183,3.817635
8.488513,3.820789
8.526814,3.823370
8.565105,3.826452
8.603373,3.829176
8.641610,3.832187
8.679827,3.834910
8.718016,3.837993
8.756175,3.840860
8.794311,3.843870
8.832419,3.846451
8.870484,3.849605
8.908546,3.852400
8.946569,3.855411
8.984543,3.858421
9.022512,3.861289
9.060457,3.864443
9.098336,3.867525
9.136199,3.870321
9.174018,3.873474
9.211815,3.876700
9.249609,3.879997
9.287358,3.883151
9.325068,3.886377
9.362743,3.889603
9.400394,3.893115
9.438000,3.896484
9.475582,3.899638
9.513097,3.903150
9.550558,3.906519
9.588018,3.910247
9.625407,3.913902
9.662792,3.917486
9.700107,3.921142
9.737415,3.924726
9.774670,3.928740
9.811864,3.932468
9.849044,3.936482
9.886193,3.940281
9.923307,3.944151
9.960377,3.948381
9.997400,3.952466
10.034363,3.956337
10.071313,3.960423
10.108194,3.964724
10.145039,3.968738
10.181816,3.972824
10.218551,3.977125
10.255259,3.981139
10.291894,3.985225
10.328472,3.989382
10.364961,3.993468
10.401425,3.997553
10.437841,4.001854
10.474194,4.005869
10.510487,4.009883
10.546736,4.013968
10.582908,4.017911
10.619000,4.021782
10.655063,4.025796
10.691040,4.029595
10.726948,4.033466
10.762768,4.037121
10.798561,4.040777
10.834257,4.044504
10.869878,4.047873
10.905394,4.051242
10.940870,4.054755
10.976227,4.058052
11.011483,4.061493
11.046658,4.064790
11.081767,4.068302
11.116767,4.071528
11.151663,4.074753
11.186427,4.078266
11.221063,4.081563
11.255598,4.085219
11.289989,4.089233
11.324261,4.093104
11.358395,4.097046
11.392399,4.101204
11.426242,4.105576
11.459920,4.110665
11.493403,4.115898
11.526684,4.122206
11.559805,4.130091
11.592692,4.141416
11.625340, voltage_actual
