total_wh,3.062194
0.000000,3.092228
0.046088,3.117388
0.092064,3.139107
0.137960,3.157959
0.183760,3.174446
0.229434,3.188925
0.275120,3.202043
0.320724,3.211791
0.366293,3.222400
0.411822,3.229855
0.457303,3.237525
0.502778,3.245123
0.548178,3.251000
0.593525,3.256735
0.638864,3.261896
0.684147,3.266698
0.729372,3.271143
0.774569,3.275515
0.819762,3.279601
0.864875,3.283328
0.909954,3.287199
0.954953,3.290783
0.999955,3.294439
1.044887,3.297665
1.089817,3.300818
1.134656,3.303972
1.179462,3.307198
1.224272,3.310137
1.269018,3.313363
1.313734,3.316230
1.358445,3.319455
1.403069,3.322753
1.447667,3.326408
1.492245,3.330208
1.536771,3.333720
1.581241,3.337662
1.625634,3.341748
1.669930,3.345906
1.714209,3.350063
1.758455,3.354077
1.802696,3.358306
1.846874,3.362464
1.891006,3.366334
1.935026,3.370277
1.979041,3.374219
2.023049,3.378018
2.066989,3.382033
2.110899,3.385760
2.154772,3.389416
2.198589,3.393071
2.242358,3.396799
2.286051,3.400311
2.329687,3.404038
2.373317,3.407407
2.416853,3.410848
2.460425,3.414360
2.503927,3.417658
2.547395,3.420812
2.590814,3.424181
2.634167,3.427406
2.677509,3.430489
2.720781,3.433786
2.764029,3.436868
2.807248,3.439879
2.850425,3.442961
2.893563,3.446043
2.936673,3.448982
2.979750,3.451849
3.022785,3.454717
3.065778,3.457655
3.108712,3.460379
3.151643,3.463103
3.194550,3.465899
3.237405,3.468479
3.280226,3.471131
3.322997,3.473855
3.365736,3.476436
3.408413,3.479088
3.451105,3.481669
3.493770,3.484034
3.536396,3.486614
3.578971,3.488908
3.621538,3.491489
3.664050,3.493783
3.706514,3.496076
3.748897,3.498298
3.791277,3.500664
3.833647,3.503029
3.875967,3.505180
3.918279,3.507545
3.960523,3.509552
4.002757,3.511703
4.044915,3.513925
4.087063,3.516147
4.129192,3.518154
4.171309,3.520304
4.213349,3.522311
4.255412,3.524390
4.297413,3.526469
4.339393,3.528476
4.381360,3.530483
4.423272,3.532562
4.465154,3.534497
4.506986,3.536576
4.548812,3.538439
4.590581,3.540375
4.632306,3.542382
4.674019,3.544389
4.715695,3.546253
4.757328,3.548260
4.798922,3.550195
4.840456,3.552202
4.881977,3.553923
4.923422,3.555930
4.964882,3.557937
5.006267,3.559657
5.047591,3.561592
5.088930,3.563599
5.130231,3.565535
5.171427,3.567542
5.212616,3.569405
5.253814,3.571126
5.294969,3.573205
5.336066,3.575140
5.377120,3.577075
5.418164,3.579011
5.459170,3.580946
5.500146,3.582953
5.541049,3.584817
5.581913,3.586824
5.622774,3.588831
5.663621,3.590910
5.704411,3.592917
5.745162,3.594996
5.785887,3.596931
5.826588,3.599010
5.867242,3.601088
5.907836,3.603024
5.948348,3.605174
5.988868,3.607253
6.029404,3.609332
6.069888,3.611339
6.110350,3.613704
6.150768,3.615783
6.191143,3.618005
6.231463,3.620299
6.271764,3.622449
6.312072,3.624671
6.352333,3.626893
6.392550,3.629474
6.432760,3.631696
6.472924,3.633990
6.513070,3.636427
6.553173,3.638649
6.593278,3.641301
6.633334,3.643882
6.673356,3.646247
6.713367,3.648684
6.753342,3.651336
6.793266,3.653917
6.833182,3.656497
6.873101,3.659221
6.912939,3.661730
6.952753,3.664382
6.992567,3.667250
7.032357,3.669973
7.072111,3.672626
7.111857,3.675636
7.151569,3.678575
7.191264,3.681370
7.230918,3.684238
7.270565,3.687033
7.310167,3.690259
7.349770,3.693198
7.389316,3.696280
7.428885,3.699219
7.468405,3.702301
7.507899,3.705527
7.547381,3.708466
7.586831,3.711620
7.626233,3.714774
7.665639,3.717784
7.704991,3.721010
7.744350,3.724164
7.783689,3.727390
7.823005,3.730543
7.862296,3.733626
7.901552,3.736780
7.940810,3.739862
7.980029,3.743088
8.019219,3.746385
8.058398,3.749539
8.097541,3.752693
8.136643,3.755847
8.175734,3.759144
8.214766,3.762370
8.253796,3.765452
8.292774,3.768534
8.331750,3.771616
8.370718,3.774770
8.409690,3.777996
8.448630,3.781007
8.487514,3.784017
8.526367,3.787243
8.565224,3.790182
8.604070,3.793407
8.642854,3.796418
8.681667,3.799285
8.720445,3.802296
8.759197,3.805378
8.797920,3.808174
8.836633,3.811327
8.875312,3.814338
8.913939,3.817277
8.952538,3.820072
8.991132,3.823011
9.029729,3.825950
9.068268,3.828674
9.106807,3.831828
9.145312,3.834695
9.183775,3.837491
9.222234,3.840358
9.260644,3.843154
9.299062,3.846093
9.337430,3.848960
9.375772,3.851970
9.414068,3.854694
9.452353,3.857561
9.490623,3.860429
9.528846,3.863296
9.567032,3.866163
9.605349,3.869102
9.643476,3.872184
9.681517,3.874908
9.719543,3.877990
9.757545,3.881073
9.795539,3.884012
9.833483,3.887166
9.871399,3.890319
9.909329,3.893258
9.947202,3.896484
9.985039,3.899710
10.022833,3.902792
10.060607,3.906089
10.098332,3.909458
10.136016,3.912827
10.173664,3.916196
10.211294,3.919708
10.248873,3.922934
10.286381,3.926590
10.323839,3.930174
10.361299,3.933829
10.398728,3.937629
10.436107,3.941284
10.473440,3.945083
10.510725,3.948739
10.547977,3.952753
10.585178,3.956552
10.622334,3.960638
10.659447,3.964580
10.696512,3.968523
10.733532,3.972537
10.770488,3.976551
10.807422,3.980565
10.844298,3.984651
10.881118,3.988809
10.917859,3.992751
10.954542,3.996765
10.991218,4.000851
11.027832,4.005080
11.064362,4.009166
11.100818,4.013323
11.137242,4.017337
11.173602,4.021423
11.209878,4.025437
11.246142,4.029451
11.282381,4.033179
11.318556,4.037193
11.354698,4.041064
11.390800,4.044791
11.426840,4.048590
11.462847,4.052174
11.498780,4.055687
11.534644,4.059127
11.570516,4.062711
11.606328,4.066152
11.642084,4.069592
11.677786,4.072675
11.713443,4.075972
11.749033,4.079413
11.784563,4.082710
11.820033,4.086151
11.855425,4.089376
11.890771,4.092817
11.926025,4.096401
11.961216,4.099985
11.996311,4.103497
12.031317,4.107512
12.066202,4.111382
12.100959,4.115611
12.135633,4.120056
12.170161,4.124643
12.204508,4.129518
12.238699,4.134822
12.272743,4.140556
12.306580,4.146793
12.340188,4.153817
12.373527,4.162562
12.406564,4.174820
12.439244, voltage_actual
